 Meteorological Profile: 20161101_nam12
 File start time : 16 11  1  0  0
 File ending time: 16 11  1 21  0
 
___________________________________________________ 
 Profile Time:  16 11  1 18  0
 Used Nearest Grid Point ( 142, 212) to Lat:    38.18, Lon:  -123.10
        2D Fields 
        SHGT  MSLP  TPP3  CPP3  T02M  RH2M  U10M  V10M  PRSS  LHTF  SHTF  USTR  RGHS  DSWF  PBLH  TMPS  SOLT  SOLW  WESD  CSNO  CICE  CFZR  CRAI  VSBY  TCLD  CAPE  CINH  LISD  LIB4 
           m   hPa    mm    mm    oC     %   m/s   m/s   hPa  W/m2  W/m2  cm/s     m  W/m2     m    oC    oK  kgm2                                  km     %                         
  1019     0  1019     0     0  14.4  88.1   2.2  -2.6  1019  13.8     0  14.3     0   510   286  14.4   273  1000     0     0     0     0     0  24.2     0  36.0     0   280   7.1                   
        3D Fields 
        UWND  VWND  HGTS  TEMP  WWND  RELH  TKEN     TPOT  UWND  VWND         
         m/s   m/s     m    oC  mb/h     %  Joul       oK  W->E  S->N         
  1000   2.7  -3.4   160  13.1 -11.7  89.6     0    286.2   3.3  -2.8         
   975   2.3  -4.7   374  11.3  -9.7  90.5     0    286.6   3.2  -4.1         
   950   1.2  -3.9   590   9.5  -7.5  89.1     0    286.9   2.0  -3.6         
   925  0.69  -5.1   812   8.5  -4.9  80.5     0    288.0   1.7  -4.9         
   900   1.1  -5.9  1037   6.9  -4.3  73.0     0    288.6   2.3  -5.6         
   875   1.1  -6.0  1268   5.9  -3.0  58.5     0    289.9   2.3  -5.7         
   850   1.4  -6.1  1505   5.0  -4.5  49.0     0    291.4   2.6  -5.6         
   825   1.9  -6.0  1748   3.8  -5.6  42.0     0    292.7   3.1  -5.5         
   800   2.0  -6.2  1997   2.9  -4.1  34.0     0    294.3   3.3  -5.7         
   775   1.6  -6.8  2254   1.9  -2.4  26.0  3E-2    295.8   3.0  -6.3         
   750   1.7  -7.6  2517  0.65  -2.3  20.0     0    297.3   3.2  -7.1         
   725   2.6  -8.7  2788 -0.46  -1.4  14.0  2E-2    299.0   4.3  -8.0         
   700   3.6 -10.0  3068  -1.4 -0.87  12.3     0    300.9   5.6  -9.1         
   650   5.4 -12.9  3654  -4.2   2.0  25.1     0    304.2   8.0 -11.5         
   600   5.3 -18.0  4281  -7.0   3.7  15.0  2E-2    308.1   8.9 -16.5         
   550   6.8 -24.4  4955  -9.9   4.9   1.0  2E-2    312.4  11.6 -22.5         
   500   8.8 -27.2  5683 -15.1   5.8   8.0  2E-2    314.6  14.2 -24.8         
   450   7.0 -29.1  6470 -20.4   5.4  13.0  2E-2    317.6  12.8 -27.1         
   400   5.0 -37.0  7331 -26.7   6.9  24.0  2E-2    320.3  12.5 -35.1         
   350   8.8 -46.0  8279 -34.3   5.6  25.0  2E-2    322.5  18.1 -43.2         
   300  10.8 -46.4  9338 -42.4   3.5  29.2  2E-2    325.6  20.1 -43.2         
   250  12.0 -40.2 10554 -46.1  0.88  13.8  2E-2    337.6  20.0 -36.9         
   200  21.9 -27.9 12034 -47.8 -0.38   4.3  2E-2    357.1  27.1 -22.8         
   150  17.0 -25.3 13885 -58.4  -1.1   2.7  2E-2    369.4  21.8 -21.2         
   100  12.2  -9.7 16372 -68.0  -2.3   5.6  2E-2    396.3  14.0  -7.0         
    50   3.8  -1.9 20548 -65.7 -0.80   7.1  2E-2    488.8   4.1  -1.0         
