 alt    temp   hum  wind-dir spd
(m-AGL)  (C)   (%)  (°)          (m/s)
  3700    2.6           196 19.0
  3600    3.3           199 18.8
  3500    4.1           198 18.7
  3400    4.8           194 18.6
  3300    5.4           190 19.1
  3200    5.6           186 18.6
  3100    5.8           183 18.1
  3000    6.5           183 19.1
  2900    7.3           184 20.5
  2800    7.9           185 20.2
  2700    6.7           187 18.2
  2600    6.4           189 15.9
  2500    6.5           193 14.7
  2400    7.1           196 14.7
  2300    7.9           197 14.9
  2200    8.6           195 14.6
  2100    9.2           192 13.7
  2000    9.8           191 12.9
  1900   10.3           191 12.9
  1800   10.6           190 13.4
  1700   10.7           187 13.8
  1600   10.7           185 13.7
  1500   11.1           182 13.2
  1400   10.5           167 12.8
  1300   11.3           161 12.8
  1200   12.0           156 13.0
  1100   12.9           154 12.7
  1000   13.5           161 11.4
   900   13.8           162 9.6
   800   14.2           170 8.0
   700   14.9           172 7.1
   600   15.6           171 6.5
   500   16.0           177 5.4
   400                      0.0
   300                      0.0
   200                      0.0
   100                      
    10                      
